# DISCLAIMER
# This is an example of short vector output
# PLease include:
# -- the basis B
# -- the point on the lattice u
# -- the norm of u
# -- the vector x such that u = Bx
# Again, you needn't write the disclaimer

B =
[[37, 20, 96, 20, 34, 64, 82, 56, 47, 21, 50, 49],
 [39, 24, 19, 49, 82, 97, 88, 84, 41, 51, 36, 74],
 [19, 56, 37, 73,  4, 12, 72, 18, 46,  8, 54, 94],
 [13, 46, 26,  8, 83, 71, 45, 84, 21, 32, 53, 80],
 [65, 39, 25, 56, 52, 44, 84, 30, 69, 33, 13,  5],
 [59, 56, 90,  1, 42, 58, 90, 92,  2,  6,  7, 80],
 [18, 14, 26, 31, 91, 93, 77, 64, 95, 36, 23,  5],
 [11, 58, 22, 51, 90, 13, 93, 43, 21, 81, 12, 77],
 [42, 65, 99,  6, 23, 43, 94, 30, 37, 66, 34, 66],
 [99, 31, 24, 44, 18, 58, 17, 27, 70, 88, 59, 11],
 [30, 43, 21, 70, 48, 47, 13, 93, 94, 48, 69, 58],
 [ 7, 12, 94, 88, 59, 95, 43, 62, 71, 36, 91, 70]]

u =
[[ 17.],
 [ 15.],
 [-37.],
 [-33.],
 [ 26.],
 [  3.],
 [  4.],
 [-47.],
 [-23.],
 [ 68.],
 [-13.],
 [ -5.]])

norm =
105.9669759878048

x =
[[ 1],
 [-1],
 [ 0],
 [ 0],
 [ 0],
 [ 0],
 [ 0],
 [ 0],
 [ 0],
 [ 0],
 [ 0],
 [ 0]])